{
 "cells": [
  {
   "cell_type": "markdown",
   "metadata": {},
   "source": [
    "# Temat 1 - Boston Housing\n",
    "## Autor: Mateusz Kołcon"
   ]
  },
  {
   "cell_type": "markdown",
   "metadata": {},
   "source": [
    "This data frame contains the following columns:\n",
    "\n",
    "- **crim** - per capita crime rate by town.\n",
    "- **zn** - proportion of residential land zoned for lots over 25,000 sq.ft.\n",
    "- **indus** - proportion of non-retail business acres per town.\n",
    "- **chas** - Charles River dummy variable (= 1 if tract bounds river; 0 otherwise).\n",
    "- **noxv** - nitrogen oxides concentration (parts per 10 million).\n",
    "- **rm** - average number of rooms per dwelling.\n",
    "- **age** - proportion of owner-occupied units built prior to 1940.\n",
    "- **dis** - weighted mean of distances to five Boston employment centres.\n",
    "- **rad** - index of accessibility to radial highways.\n",
    "- **tax** - full-value property-tax rate per 10,000 dollars.\n",
    "- **ptratio** - pupil-teacher ratio by town\n",
    "- **b (black)** - 1000(Bk - 0.63)^2 where Bk is the proportion of blacks by town.\n",
    "- **lstat** - lower status of the population (percent).\n",
    "- **medv** - median value of owner-occupied homes in $1000s."
   ]
  },
  {
   "cell_type": "markdown",
   "metadata": {},
   "source": [
    "### Processing\n",
    "\n",
    "**Zadanie 1 (6ptk)**\n",
    "Dokonaj podziału danych na zbiór treningowy i test w proporcji 0,75/0,25.\n",
    "\n",
    "**Zadanie 2 (6ptk)**\n",
    "Usuń ze zbioru kolumną „Chas”. Dokonaj standaryzacji wszystkich kolumn poza „Medv”\n",
    "\n",
    "**Zadanie 3 (6ptk)**\n",
    "Przedstaw w formie heatmapy oraz ramki danych, macierz korelacji dla wszystkich kolumn danych.\n",
    "\n",
    "### Modelling\n",
    "\n",
    "**Zadanie 1 (8ptk)**\n",
    "Przeprowadź regresję z użyciem modelu liniowego. Wskaż zmienne dla których wartość parametru liniowego była najwyższa.\n",
    "\n",
    "**Zadanie 2 (8ptk)**\n",
    "Przeprowadź regresję z użyciem sieci neuronowej o 3 warstwach (po trzy neurony w każdej warstwie).\n",
    "\n",
    "**Zadanie 3 (8ptk)**\n",
    "Porównaj obydwa modele z użyciem współczynnika R kwadrat.\n",
    "\n",
    "### Wizualizacja\n",
    "\n",
    "**Zadanie 1 (7ptk)**\n",
    "Stwórz wykres rozrzutu reprezentujący relację pomiędzy kolumnami medv i crim. Nałóż na ten wykres linię trendu.\n",
    "\n",
    "**Zadanie 2 (15ptk)**\n",
    "Stwórz Dashboard, który będzie zawierał:\n",
    "\n",
    "    a)\tWykres słupkowy dla parametrów z modelu liniowego\n",
    "    b)\tHistogram dla wybranej kolumny danych\n",
    "    c)\tWykres rozrzutu dla dowolnej pary kolumn\n"
   ]
  },
  {
   "cell_type": "markdown",
   "metadata": {},
   "source": [
    "# 1. Processing"
   ]
  },
  {
   "cell_type": "code",
   "execution_count": 3,
   "metadata": {},
   "outputs": [],
   "source": [
    "import pandas as pd\n",
    "from sklearn.model_selection import train_test_split\n",
    "import seaborn as sns\n",
    "import numpy as np\n",
    "import matplotlib.pyplot as plt\n",
    "from sklearn.linear_model import LinearRegression\n",
    "from sklearn.preprocessing import MinMaxScaler\n",
    "from sklearn.metrics import mean_squared_error\n",
    "from tensorflow import keras\n",
    "from tensorflow.keras.layers import Dense\n",
    "from sklearn.metrics import r2_score\n",
    "import plotly.express as px\n",
    "from jupyter_dash import JupyterDash\n",
    "import dash\n",
    "from dash import dcc\n",
    "from dash import html\n",
    "from dash.dependencies import Input, Output"
   ]
  },
  {
   "cell_type": "code",
   "execution_count": 4,
   "metadata": {},
   "outputs": [
    {
     "name": "stdout",
     "output_type": "stream",
     "text": [
      "Kształt zbioru danych:  (506, 13)\n"
     ]
    },
    {
     "data": {
      "text/html": [
       "<div>\n",
       "<style scoped>\n",
       "    .dataframe tbody tr th:only-of-type {\n",
       "        vertical-align: middle;\n",
       "    }\n",
       "\n",
       "    .dataframe tbody tr th {\n",
       "        vertical-align: top;\n",
       "    }\n",
       "\n",
       "    .dataframe thead th {\n",
       "        text-align: right;\n",
       "    }\n",
       "</style>\n",
       "<table border=\"1\" class=\"dataframe\">\n",
       "  <thead>\n",
       "    <tr style=\"text-align: right;\">\n",
       "      <th></th>\n",
       "      <th>crim</th>\n",
       "      <th>zn</th>\n",
       "      <th>indus</th>\n",
       "      <th>nox</th>\n",
       "      <th>rm</th>\n",
       "      <th>age</th>\n",
       "      <th>dis</th>\n",
       "      <th>rad</th>\n",
       "      <th>tax</th>\n",
       "      <th>ptratio</th>\n",
       "      <th>b</th>\n",
       "      <th>lstat</th>\n",
       "      <th>medv</th>\n",
       "    </tr>\n",
       "  </thead>\n",
       "  <tbody>\n",
       "    <tr>\n",
       "      <th>0</th>\n",
       "      <td>0.00632</td>\n",
       "      <td>18.0</td>\n",
       "      <td>2.31</td>\n",
       "      <td>0.538</td>\n",
       "      <td>6.575</td>\n",
       "      <td>65.2</td>\n",
       "      <td>4.0900</td>\n",
       "      <td>1</td>\n",
       "      <td>296</td>\n",
       "      <td>15.3</td>\n",
       "      <td>396.90</td>\n",
       "      <td>4.98</td>\n",
       "      <td>24.0</td>\n",
       "    </tr>\n",
       "    <tr>\n",
       "      <th>1</th>\n",
       "      <td>0.02731</td>\n",
       "      <td>0.0</td>\n",
       "      <td>7.07</td>\n",
       "      <td>0.469</td>\n",
       "      <td>6.421</td>\n",
       "      <td>78.9</td>\n",
       "      <td>4.9671</td>\n",
       "      <td>2</td>\n",
       "      <td>242</td>\n",
       "      <td>17.8</td>\n",
       "      <td>396.90</td>\n",
       "      <td>9.14</td>\n",
       "      <td>21.6</td>\n",
       "    </tr>\n",
       "    <tr>\n",
       "      <th>2</th>\n",
       "      <td>0.02729</td>\n",
       "      <td>0.0</td>\n",
       "      <td>7.07</td>\n",
       "      <td>0.469</td>\n",
       "      <td>7.185</td>\n",
       "      <td>61.1</td>\n",
       "      <td>4.9671</td>\n",
       "      <td>2</td>\n",
       "      <td>242</td>\n",
       "      <td>17.8</td>\n",
       "      <td>392.83</td>\n",
       "      <td>4.03</td>\n",
       "      <td>34.7</td>\n",
       "    </tr>\n",
       "    <tr>\n",
       "      <th>3</th>\n",
       "      <td>0.03237</td>\n",
       "      <td>0.0</td>\n",
       "      <td>2.18</td>\n",
       "      <td>0.458</td>\n",
       "      <td>6.998</td>\n",
       "      <td>45.8</td>\n",
       "      <td>6.0622</td>\n",
       "      <td>3</td>\n",
       "      <td>222</td>\n",
       "      <td>18.7</td>\n",
       "      <td>394.63</td>\n",
       "      <td>2.94</td>\n",
       "      <td>33.4</td>\n",
       "    </tr>\n",
       "    <tr>\n",
       "      <th>4</th>\n",
       "      <td>0.06905</td>\n",
       "      <td>0.0</td>\n",
       "      <td>2.18</td>\n",
       "      <td>0.458</td>\n",
       "      <td>7.147</td>\n",
       "      <td>54.2</td>\n",
       "      <td>6.0622</td>\n",
       "      <td>3</td>\n",
       "      <td>222</td>\n",
       "      <td>18.7</td>\n",
       "      <td>396.90</td>\n",
       "      <td>5.33</td>\n",
       "      <td>36.2</td>\n",
       "    </tr>\n",
       "  </tbody>\n",
       "</table>\n",
       "</div>"
      ],
      "text/plain": [
       "      crim    zn  indus    nox     rm   age     dis  rad  tax  ptratio  \\\n",
       "0  0.00632  18.0   2.31  0.538  6.575  65.2  4.0900    1  296     15.3   \n",
       "1  0.02731   0.0   7.07  0.469  6.421  78.9  4.9671    2  242     17.8   \n",
       "2  0.02729   0.0   7.07  0.469  7.185  61.1  4.9671    2  242     17.8   \n",
       "3  0.03237   0.0   2.18  0.458  6.998  45.8  6.0622    3  222     18.7   \n",
       "4  0.06905   0.0   2.18  0.458  7.147  54.2  6.0622    3  222     18.7   \n",
       "\n",
       "        b  lstat  medv  \n",
       "0  396.90   4.98  24.0  \n",
       "1  396.90   9.14  21.6  \n",
       "2  392.83   4.03  34.7  \n",
       "3  394.63   2.94  33.4  \n",
       "4  396.90   5.33  36.2  "
      ]
     },
     "execution_count": 4,
     "metadata": {},
     "output_type": "execute_result"
    }
   ],
   "source": [
    "df = pd.read_csv('datasets/BostonHousing.csv')\n",
    "df = df.drop('chas', axis=1)\n",
    "print('Kształt zbioru danych: ', df.shape)\n",
    "df.head()"
   ]
  },
  {
   "cell_type": "markdown",
   "metadata": {},
   "source": [
    "### Podzidział na zbiory uczący i treninigowy, normalizacja danych, usuwanie kolumny 'chas'"
   ]
  },
  {
   "cell_type": "code",
   "execution_count": 5,
   "metadata": {},
   "outputs": [
    {
     "data": {
      "text/html": [
       "<div>\n",
       "<style scoped>\n",
       "    .dataframe tbody tr th:only-of-type {\n",
       "        vertical-align: middle;\n",
       "    }\n",
       "\n",
       "    .dataframe tbody tr th {\n",
       "        vertical-align: top;\n",
       "    }\n",
       "\n",
       "    .dataframe thead th {\n",
       "        text-align: right;\n",
       "    }\n",
       "</style>\n",
       "<table border=\"1\" class=\"dataframe\">\n",
       "  <thead>\n",
       "    <tr style=\"text-align: right;\">\n",
       "      <th></th>\n",
       "      <th>crim</th>\n",
       "      <th>zn</th>\n",
       "      <th>indus</th>\n",
       "      <th>nox</th>\n",
       "      <th>rm</th>\n",
       "      <th>age</th>\n",
       "      <th>dis</th>\n",
       "      <th>rad</th>\n",
       "      <th>tax</th>\n",
       "      <th>ptratio</th>\n",
       "      <th>b</th>\n",
       "      <th>lstat</th>\n",
       "    </tr>\n",
       "  </thead>\n",
       "  <tbody>\n",
       "    <tr>\n",
       "      <th>135</th>\n",
       "      <td>0.006198</td>\n",
       "      <td>0.0</td>\n",
       "      <td>0.785557</td>\n",
       "      <td>0.491770</td>\n",
       "      <td>0.531519</td>\n",
       "      <td>0.981462</td>\n",
       "      <td>0.089216</td>\n",
       "      <td>0.130435</td>\n",
       "      <td>0.477099</td>\n",
       "      <td>0.914894</td>\n",
       "      <td>0.994377</td>\n",
       "      <td>0.420254</td>\n",
       "    </tr>\n",
       "    <tr>\n",
       "      <th>480</th>\n",
       "      <td>0.065389</td>\n",
       "      <td>0.0</td>\n",
       "      <td>0.646628</td>\n",
       "      <td>0.302469</td>\n",
       "      <td>0.513700</td>\n",
       "      <td>0.636457</td>\n",
       "      <td>0.208659</td>\n",
       "      <td>1.000000</td>\n",
       "      <td>0.914122</td>\n",
       "      <td>0.808511</td>\n",
       "      <td>1.000000</td>\n",
       "      <td>0.248620</td>\n",
       "    </tr>\n",
       "    <tr>\n",
       "      <th>79</th>\n",
       "      <td>0.000872</td>\n",
       "      <td>0.0</td>\n",
       "      <td>0.453446</td>\n",
       "      <td>0.106996</td>\n",
       "      <td>0.443188</td>\n",
       "      <td>0.347065</td>\n",
       "      <td>0.306723</td>\n",
       "      <td>0.173913</td>\n",
       "      <td>0.402672</td>\n",
       "      <td>0.648936</td>\n",
       "      <td>0.997882</td>\n",
       "      <td>0.203366</td>\n",
       "    </tr>\n",
       "    <tr>\n",
       "      <th>137</th>\n",
       "      <td>0.003889</td>\n",
       "      <td>0.0</td>\n",
       "      <td>0.785557</td>\n",
       "      <td>0.491770</td>\n",
       "      <td>0.554321</td>\n",
       "      <td>0.983522</td>\n",
       "      <td>0.065491</td>\n",
       "      <td>0.130435</td>\n",
       "      <td>0.477099</td>\n",
       "      <td>0.914894</td>\n",
       "      <td>0.992889</td>\n",
       "      <td>0.354857</td>\n",
       "    </tr>\n",
       "    <tr>\n",
       "      <th>176</th>\n",
       "      <td>0.000718</td>\n",
       "      <td>0.0</td>\n",
       "      <td>0.131598</td>\n",
       "      <td>0.257202</td>\n",
       "      <td>0.471163</td>\n",
       "      <td>0.456231</td>\n",
       "      <td>0.220544</td>\n",
       "      <td>0.173913</td>\n",
       "      <td>0.208015</td>\n",
       "      <td>0.425532</td>\n",
       "      <td>0.990746</td>\n",
       "      <td>0.231236</td>\n",
       "    </tr>\n",
       "  </tbody>\n",
       "</table>\n",
       "</div>"
      ],
      "text/plain": [
       "         crim   zn     indus       nox        rm       age       dis  \\\n",
       "135  0.006198  0.0  0.785557  0.491770  0.531519  0.981462  0.089216   \n",
       "480  0.065389  0.0  0.646628  0.302469  0.513700  0.636457  0.208659   \n",
       "79   0.000872  0.0  0.453446  0.106996  0.443188  0.347065  0.306723   \n",
       "137  0.003889  0.0  0.785557  0.491770  0.554321  0.983522  0.065491   \n",
       "176  0.000718  0.0  0.131598  0.257202  0.471163  0.456231  0.220544   \n",
       "\n",
       "          rad       tax   ptratio         b     lstat  \n",
       "135  0.130435  0.477099  0.914894  0.994377  0.420254  \n",
       "480  1.000000  0.914122  0.808511  1.000000  0.248620  \n",
       "79   0.173913  0.402672  0.648936  0.997882  0.203366  \n",
       "137  0.130435  0.477099  0.914894  0.992889  0.354857  \n",
       "176  0.173913  0.208015  0.425532  0.990746  0.231236  "
      ]
     },
     "execution_count": 5,
     "metadata": {},
     "output_type": "execute_result"
    }
   ],
   "source": [
    "min_max = MinMaxScaler()\n",
    "\n",
    "X = df.drop('medv', axis=1)\n",
    "min_max_X = min_max.fit_transform(X)\n",
    "\n",
    "X = pd.DataFrame(min_max_X, columns=X.columns)\n",
    "\n",
    "y = df['medv']\n",
    "X_train, X_test, y_train, y_test = train_test_split(X, y, test_size=0.25, random_state=44)\n",
    "\n",
    "X_train.head()"
   ]
  },
  {
   "cell_type": "code",
   "execution_count": 6,
   "metadata": {},
   "outputs": [
    {
     "data": {
      "text/plain": [
       "135    18.1\n",
       "480    23.0\n",
       "79     20.3\n",
       "137    17.1\n",
       "176    23.2\n",
       "Name: medv, dtype: float64"
      ]
     },
     "execution_count": 6,
     "metadata": {},
     "output_type": "execute_result"
    }
   ],
   "source": [
    "y_train.head()"
   ]
  },
  {
   "cell_type": "markdown",
   "metadata": {},
   "source": [
    "### Macierz korelacji"
   ]
  },
  {
   "cell_type": "code",
   "execution_count": 7,
   "metadata": {},
   "outputs": [
    {
     "data": {
      "text/html": [
       "<div>\n",
       "<style scoped>\n",
       "    .dataframe tbody tr th:only-of-type {\n",
       "        vertical-align: middle;\n",
       "    }\n",
       "\n",
       "    .dataframe tbody tr th {\n",
       "        vertical-align: top;\n",
       "    }\n",
       "\n",
       "    .dataframe thead th {\n",
       "        text-align: right;\n",
       "    }\n",
       "</style>\n",
       "<table border=\"1\" class=\"dataframe\">\n",
       "  <thead>\n",
       "    <tr style=\"text-align: right;\">\n",
       "      <th></th>\n",
       "      <th>crim</th>\n",
       "      <th>zn</th>\n",
       "      <th>indus</th>\n",
       "      <th>nox</th>\n",
       "      <th>rm</th>\n",
       "      <th>age</th>\n",
       "      <th>dis</th>\n",
       "      <th>rad</th>\n",
       "      <th>tax</th>\n",
       "      <th>ptratio</th>\n",
       "      <th>b</th>\n",
       "      <th>lstat</th>\n",
       "      <th>medv</th>\n",
       "    </tr>\n",
       "  </thead>\n",
       "  <tbody>\n",
       "    <tr>\n",
       "      <th>crim</th>\n",
       "      <td>1.000000</td>\n",
       "      <td>-0.200469</td>\n",
       "      <td>0.406583</td>\n",
       "      <td>0.420972</td>\n",
       "      <td>-0.219247</td>\n",
       "      <td>0.352734</td>\n",
       "      <td>-0.379670</td>\n",
       "      <td>0.625505</td>\n",
       "      <td>0.582764</td>\n",
       "      <td>0.289946</td>\n",
       "      <td>-0.385064</td>\n",
       "      <td>0.455621</td>\n",
       "      <td>-0.388305</td>\n",
       "    </tr>\n",
       "    <tr>\n",
       "      <th>zn</th>\n",
       "      <td>-0.200469</td>\n",
       "      <td>1.000000</td>\n",
       "      <td>-0.533828</td>\n",
       "      <td>-0.516604</td>\n",
       "      <td>0.311991</td>\n",
       "      <td>-0.569537</td>\n",
       "      <td>0.664408</td>\n",
       "      <td>-0.311948</td>\n",
       "      <td>-0.314563</td>\n",
       "      <td>-0.391679</td>\n",
       "      <td>0.175520</td>\n",
       "      <td>-0.412995</td>\n",
       "      <td>0.360445</td>\n",
       "    </tr>\n",
       "    <tr>\n",
       "      <th>indus</th>\n",
       "      <td>0.406583</td>\n",
       "      <td>-0.533828</td>\n",
       "      <td>1.000000</td>\n",
       "      <td>0.763651</td>\n",
       "      <td>-0.391676</td>\n",
       "      <td>0.644779</td>\n",
       "      <td>-0.708027</td>\n",
       "      <td>0.595129</td>\n",
       "      <td>0.720760</td>\n",
       "      <td>0.383248</td>\n",
       "      <td>-0.356977</td>\n",
       "      <td>0.603800</td>\n",
       "      <td>-0.483725</td>\n",
       "    </tr>\n",
       "    <tr>\n",
       "      <th>nox</th>\n",
       "      <td>0.420972</td>\n",
       "      <td>-0.516604</td>\n",
       "      <td>0.763651</td>\n",
       "      <td>1.000000</td>\n",
       "      <td>-0.302188</td>\n",
       "      <td>0.731470</td>\n",
       "      <td>-0.769230</td>\n",
       "      <td>0.611441</td>\n",
       "      <td>0.668023</td>\n",
       "      <td>0.188933</td>\n",
       "      <td>-0.380051</td>\n",
       "      <td>0.590879</td>\n",
       "      <td>-0.427321</td>\n",
       "    </tr>\n",
       "    <tr>\n",
       "      <th>rm</th>\n",
       "      <td>-0.219247</td>\n",
       "      <td>0.311991</td>\n",
       "      <td>-0.391676</td>\n",
       "      <td>-0.302188</td>\n",
       "      <td>1.000000</td>\n",
       "      <td>-0.240265</td>\n",
       "      <td>0.205246</td>\n",
       "      <td>-0.209847</td>\n",
       "      <td>-0.292048</td>\n",
       "      <td>-0.355501</td>\n",
       "      <td>0.128069</td>\n",
       "      <td>-0.613808</td>\n",
       "      <td>0.695360</td>\n",
       "    </tr>\n",
       "    <tr>\n",
       "      <th>age</th>\n",
       "      <td>0.352734</td>\n",
       "      <td>-0.569537</td>\n",
       "      <td>0.644779</td>\n",
       "      <td>0.731470</td>\n",
       "      <td>-0.240265</td>\n",
       "      <td>1.000000</td>\n",
       "      <td>-0.747881</td>\n",
       "      <td>0.456022</td>\n",
       "      <td>0.506456</td>\n",
       "      <td>0.261515</td>\n",
       "      <td>-0.273534</td>\n",
       "      <td>0.602339</td>\n",
       "      <td>-0.376955</td>\n",
       "    </tr>\n",
       "    <tr>\n",
       "      <th>dis</th>\n",
       "      <td>-0.379670</td>\n",
       "      <td>0.664408</td>\n",
       "      <td>-0.708027</td>\n",
       "      <td>-0.769230</td>\n",
       "      <td>0.205246</td>\n",
       "      <td>-0.747881</td>\n",
       "      <td>1.000000</td>\n",
       "      <td>-0.494588</td>\n",
       "      <td>-0.534432</td>\n",
       "      <td>-0.232471</td>\n",
       "      <td>0.291512</td>\n",
       "      <td>-0.496996</td>\n",
       "      <td>0.249929</td>\n",
       "    </tr>\n",
       "    <tr>\n",
       "      <th>rad</th>\n",
       "      <td>0.625505</td>\n",
       "      <td>-0.311948</td>\n",
       "      <td>0.595129</td>\n",
       "      <td>0.611441</td>\n",
       "      <td>-0.209847</td>\n",
       "      <td>0.456022</td>\n",
       "      <td>-0.494588</td>\n",
       "      <td>1.000000</td>\n",
       "      <td>0.910228</td>\n",
       "      <td>0.464741</td>\n",
       "      <td>-0.444413</td>\n",
       "      <td>0.488676</td>\n",
       "      <td>-0.381626</td>\n",
       "    </tr>\n",
       "    <tr>\n",
       "      <th>tax</th>\n",
       "      <td>0.582764</td>\n",
       "      <td>-0.314563</td>\n",
       "      <td>0.720760</td>\n",
       "      <td>0.668023</td>\n",
       "      <td>-0.292048</td>\n",
       "      <td>0.506456</td>\n",
       "      <td>-0.534432</td>\n",
       "      <td>0.910228</td>\n",
       "      <td>1.000000</td>\n",
       "      <td>0.460853</td>\n",
       "      <td>-0.441808</td>\n",
       "      <td>0.543993</td>\n",
       "      <td>-0.468536</td>\n",
       "    </tr>\n",
       "    <tr>\n",
       "      <th>ptratio</th>\n",
       "      <td>0.289946</td>\n",
       "      <td>-0.391679</td>\n",
       "      <td>0.383248</td>\n",
       "      <td>0.188933</td>\n",
       "      <td>-0.355501</td>\n",
       "      <td>0.261515</td>\n",
       "      <td>-0.232471</td>\n",
       "      <td>0.464741</td>\n",
       "      <td>0.460853</td>\n",
       "      <td>1.000000</td>\n",
       "      <td>-0.177383</td>\n",
       "      <td>0.374044</td>\n",
       "      <td>-0.507787</td>\n",
       "    </tr>\n",
       "    <tr>\n",
       "      <th>b</th>\n",
       "      <td>-0.385064</td>\n",
       "      <td>0.175520</td>\n",
       "      <td>-0.356977</td>\n",
       "      <td>-0.380051</td>\n",
       "      <td>0.128069</td>\n",
       "      <td>-0.273534</td>\n",
       "      <td>0.291512</td>\n",
       "      <td>-0.444413</td>\n",
       "      <td>-0.441808</td>\n",
       "      <td>-0.177383</td>\n",
       "      <td>1.000000</td>\n",
       "      <td>-0.366087</td>\n",
       "      <td>0.333461</td>\n",
       "    </tr>\n",
       "    <tr>\n",
       "      <th>lstat</th>\n",
       "      <td>0.455621</td>\n",
       "      <td>-0.412995</td>\n",
       "      <td>0.603800</td>\n",
       "      <td>0.590879</td>\n",
       "      <td>-0.613808</td>\n",
       "      <td>0.602339</td>\n",
       "      <td>-0.496996</td>\n",
       "      <td>0.488676</td>\n",
       "      <td>0.543993</td>\n",
       "      <td>0.374044</td>\n",
       "      <td>-0.366087</td>\n",
       "      <td>1.000000</td>\n",
       "      <td>-0.737663</td>\n",
       "    </tr>\n",
       "    <tr>\n",
       "      <th>medv</th>\n",
       "      <td>-0.388305</td>\n",
       "      <td>0.360445</td>\n",
       "      <td>-0.483725</td>\n",
       "      <td>-0.427321</td>\n",
       "      <td>0.695360</td>\n",
       "      <td>-0.376955</td>\n",
       "      <td>0.249929</td>\n",
       "      <td>-0.381626</td>\n",
       "      <td>-0.468536</td>\n",
       "      <td>-0.507787</td>\n",
       "      <td>0.333461</td>\n",
       "      <td>-0.737663</td>\n",
       "      <td>1.000000</td>\n",
       "    </tr>\n",
       "  </tbody>\n",
       "</table>\n",
       "</div>"
      ],
      "text/plain": [
       "             crim        zn     indus       nox        rm       age       dis  \\\n",
       "crim     1.000000 -0.200469  0.406583  0.420972 -0.219247  0.352734 -0.379670   \n",
       "zn      -0.200469  1.000000 -0.533828 -0.516604  0.311991 -0.569537  0.664408   \n",
       "indus    0.406583 -0.533828  1.000000  0.763651 -0.391676  0.644779 -0.708027   \n",
       "nox      0.420972 -0.516604  0.763651  1.000000 -0.302188  0.731470 -0.769230   \n",
       "rm      -0.219247  0.311991 -0.391676 -0.302188  1.000000 -0.240265  0.205246   \n",
       "age      0.352734 -0.569537  0.644779  0.731470 -0.240265  1.000000 -0.747881   \n",
       "dis     -0.379670  0.664408 -0.708027 -0.769230  0.205246 -0.747881  1.000000   \n",
       "rad      0.625505 -0.311948  0.595129  0.611441 -0.209847  0.456022 -0.494588   \n",
       "tax      0.582764 -0.314563  0.720760  0.668023 -0.292048  0.506456 -0.534432   \n",
       "ptratio  0.289946 -0.391679  0.383248  0.188933 -0.355501  0.261515 -0.232471   \n",
       "b       -0.385064  0.175520 -0.356977 -0.380051  0.128069 -0.273534  0.291512   \n",
       "lstat    0.455621 -0.412995  0.603800  0.590879 -0.613808  0.602339 -0.496996   \n",
       "medv    -0.388305  0.360445 -0.483725 -0.427321  0.695360 -0.376955  0.249929   \n",
       "\n",
       "              rad       tax   ptratio         b     lstat      medv  \n",
       "crim     0.625505  0.582764  0.289946 -0.385064  0.455621 -0.388305  \n",
       "zn      -0.311948 -0.314563 -0.391679  0.175520 -0.412995  0.360445  \n",
       "indus    0.595129  0.720760  0.383248 -0.356977  0.603800 -0.483725  \n",
       "nox      0.611441  0.668023  0.188933 -0.380051  0.590879 -0.427321  \n",
       "rm      -0.209847 -0.292048 -0.355501  0.128069 -0.613808  0.695360  \n",
       "age      0.456022  0.506456  0.261515 -0.273534  0.602339 -0.376955  \n",
       "dis     -0.494588 -0.534432 -0.232471  0.291512 -0.496996  0.249929  \n",
       "rad      1.000000  0.910228  0.464741 -0.444413  0.488676 -0.381626  \n",
       "tax      0.910228  1.000000  0.460853 -0.441808  0.543993 -0.468536  \n",
       "ptratio  0.464741  0.460853  1.000000 -0.177383  0.374044 -0.507787  \n",
       "b       -0.444413 -0.441808 -0.177383  1.000000 -0.366087  0.333461  \n",
       "lstat    0.488676  0.543993  0.374044 -0.366087  1.000000 -0.737663  \n",
       "medv    -0.381626 -0.468536 -0.507787  0.333461 -0.737663  1.000000  "
      ]
     },
     "execution_count": 7,
     "metadata": {},
     "output_type": "execute_result"
    }
   ],
   "source": [
    "corr_matrix = df.corr()\n",
    "corr_matrix"
   ]
  },
  {
   "cell_type": "code",
   "execution_count": 8,
   "metadata": {},
   "outputs": [
    {
     "data": {
